commsys<sigspace,vector>
# Version
1
# Single channel?
1
## Channel
awgn
## Modem
mpsk
# Alphabet size in symbols
2
## Mapper
map_straight<vector,double>
## Codec
turbo<double,double>
# Version
2
# Encoder
dvbcrsc
# Number of parallel sets
3
# Interleaver 0
flat<double>
# Interleaver size
4096
# Interleaver 1
named_lut<double>
0
ran-4096-seed206378.txt
4096
961	3886	2592	3882	2658	1857	653	2461	3654	1275	2883	275	237	504	488	2786	482	3346	2848	3348	620	506	1081	3456	1965	585	1578	2551	1577	905	3457	3909	1023	1955	3578	3897	2218	3796	1451	3753	3186	3148	2607	631	461	3762	3896	2176	3763	2567	3170	3218	3615	360	2619	2324	1632	2088	1663	2120	2182	4073	1708	1960	3316	562	2256	1488	2765	376	381	2037	4079	1743	1821	1553	3385	2806	1064	3019	2679	4047	2964	2456	4074	3454	3313	3871	596	1327	2723	1999	652	1692	3465	1265	2008	2237	786	2454	561	917	3428	2062	2613	1736	1513	918	2487	3627	1318	476	2295	1191	3535	397	133	22	4070	2627	3495	2248	3103	2289	361	1583	826	2484	595	2196	2018	2173	606	2340	673	2391	1487	3320	2534	1071	1296	155	3350	2447	377	153	2807	1279	1256	759	3102	3630	829	440	328	2834	1354	68	2727	2760	3808	1389	1049	2977	774	2637	2537	3771	3648	3794	1262	3776	2016	2244	3268	3325	1718	3033	2337	145	2657	1	1218	502	432	2296	1438	4006	2784	2870	2906	2510	1199	2520	3151	2210	2128	2670	1148	1988	3745	2229	507	406	568	1105	2817	2502	2302	2715	1542	1564	1911	3150	1957	3968	923	3591	3318	2459	1409	3018	3986	2701	4024	3567	3964	989	1260	1106	3324	4062	2397	416	3095	1110	1738	1151	434	3061	1566	3209	1372	1493	1757	1261	3572	1140	2737	1658	2618	2514	2894	3642	1551	451	970	2872	2163	203	2946	3640	3998	3398	845	2298	2208	1884	1119	3602	1325	1963	3113	3977	3265	1739	418	236	3667	2593	1838	1208	3487	3259	323	1222	3406	1833	142	710	51	2373	3380	486	3367	336	2762	256	899	1270	684	1752	2987	651	2597	464	314	1206	2787	3022	2830	3088	2025	215	3680	2563	1742	3758	11	2370	3757	1820	2963	3620	950	1985	2010	1466	1482	2153	15	3593	3790	2956	1899	1782	3339	2855	2983	1058	3709	1384	2993	307	3032	3429	4068	1245	419	3571	3000	1901	335	657	3351	720	893	560	445	1766	666	1174	3432	3671	1902	1342	3714	2342	1836	402	3917	2410	2669	2961	3108	3034	3078	2200	2172	481	3030	2973	780	2743	1307	255	3549	648	904	968	3279	583	1760	3514	2650	3940	1641	489	1320	71	96	1720	1406	1173	1827	884	407	2356	3829	1923	1504	2576	1117	3574	1984	3364	3403	2266	443	3746	3614	2589	169	2942	2465	131	4063	2728	473	40	1676	1872	1355	1615	2150	3001	2766	2230	2334	87	1918	1449	2833	3686	2699	3778	3081	4065	3976	2265	3207	2659	3255	3653	2702	2804	3071	3720	3903	2285	2384	2383	3957	734	1252	1920	698	1478	3075	2069	878	149	1201	2822	2668	511	199	3937	405	1215	3605	1576	3517	3147	3177	1028	2579	2590	1631	2525	1048	1670	2225	1495	1775	3922	3558	1010	972	1711	1310	3426	1543	2775	3736	3993	3696	3283	3858	363	3923	2671	2423	2800	3719	449	1848	3831	624	172	430	3031	1334	3751	524	2798	3046	1815	956	3285	3295	2099	1705	863	136	274	1347	883	2997	814	1907	1653	2472	1512	3233	1975	3655	3068	1534	380	3096	2463	1870	3777	1194	239	3314	6	222	1812	823	2864	2269	2168	2918	2777	3813	2491	3479	726	3334	1916	1472	2925	1012	787	3880	3766	819	3789	767	3112	2084	174	2077	1625	362	2188	1169	3400	696	1713	2929	799	206	769	1029	3892	1959	2479	2400	1056	3216	2194	3734	515	3668	375	2893	1993	288	3405	1344	1863	3704	869	2955	3083	2500	875	3890	2282	1415	2971	2457	1185	2258	544	692	1987	2090	810	3783	3312	187	2255	3040	77	592	1616	3980	3952	1879	3420	3676	1396	2982	672	3356	1374	1688	1328	685	611	351	864	2655	1646	1196	1788	1032	513	879	3539	601	2770	1164	1050	3641	4014	2185	2661	304	3449	2431	623	1315	54	2288	1628	127	1274	1447	4082	1352	2988	3759	894	3082	2596	3187	1773	3525	3724	1248	1030	850	2578	1189	3519	2768	1754	181	2202	3810	602	2526	424	1886	792	1887	877	3471	3608	1473	3037	2179	2403	1481	252	3448	954	495	439	503	3830	433	1611	1179	2103	1932	649	3700	1622	2741	103	3972	1317	842	952	3055	4022	2507	2460	3104	2782	2610	183	412	1099	53	1263	2371	1915	1972	2398	3905	387	1322	3944	3741	1825	690	217	2751	358	4089	1709	326	3483	1420	1962	1755	3263	2889	3412	2926	3358	2261	2068	1822	1362	1710	3883	213	3643	3543	2081	1652	4059	250	277	219	2913	2166	2023	1627	350	2602	220	938	1232	334	633	264	3299	72	1888	2089	3826	1943	2284	3911	3297	211	1949	1679	1067	1869	1722	783	2566	3381	367	1234	3444	2005	1756	269	1701	3044	1205	836	2341	2508	437	2096	2523	2560	3624	3076	3121	3502	3609	2785	2584	438	3136	111	1726	912	3361	422	3157	1856	286	529	1818	639	1586	2675	1928	3383	3914	3399	2307	2388	420	861	3726	1749	2318	1324	431	2603	1007	3024	1875	62	1249	4076	29	3036	2927	2625	2641	1393	2553	3942	3959	1104	2377	279	3373	2009	2504	3561	914	2466	1467	2247	3974	1533	157	622	2035	3126	2681	682	3215	2094	1648	642	3851	2841	1375	3987	3392	3853	2015	2493	310	36	1446	3727	2306	3489	1861	2821	148	3337	3091	3090	3319	2733	788	2731	160	3250	2050	2395	3059	1904	691	3390	1671	982	3290	546	521	2177	339	3443	2360	2389	4016	4057	1267	3894	411	12	3732	48	974	1233	442	1852	2004	3455	731	1228	3932	1221	266	1841	3474	3815	533	3622	2621	480	2803	3179	3098	840	1351	3165	1181	2019	2117	773	2548	2414	1803	2836	2159	559	2490	775	2698	2115	1392	926	2003	3038	1341	3049	610	3744	2385	2835	2820	3584	929	2522	2180	1865	3946	3626	1304	3051	261	925	2106	3485	3693	1602	2381	3066	2716	229	383	3975	2515	320	1143	4007	643	1989	5	1511	3996	123	1335	3193	1300	2475	3984	3846	3245	1574	2789	1639	3982	2840	1618	4030	580	3468	743	4026	1589	1319	4066	3116	980	58	421	1462	472	3100	1581	3799	2873	3491	818	1970	1042	615	2226	1770	3995	25	910	2947	2155	1834	31	3876	2000	3224	1882	2692	3228	2251	1421	2241	695	2195	750	1814	1360	1898	2124	2473	3798	3603	2409	2911	1192	370	2846	3252	3619	1330	2345	1624	2170	1567	1200	522	109	637	1368	946	2455	2219	2869	3023	733	3156	254	3616	2313	3407	209	1124	754	1777	1584	2662	2780	1186	3012	1862	597	478	1456	3467	1540	2573	540	3688	2220	900	3363	3370	3169	2287	331	1436	4042	866	2900	3452	2529	3413	3070	3583	790	1588	3547	2952	3332	2624	3419	132	2991	338	3562	3735	139	975	2726	428	1226	1044	3512	2941	3132	1724	3950	2874	728	1649	986	210	2374	2707	2574	586	701	3715	1798	3183	1890	125	300	2065	3196	4038	3304	2066	1595	598	2293	532	2550	700	3585	1966	3550	3629	2038	2144	4077	38	2250	2656	2481	3010	3292	81	1682	3795	3223	1450	3028	1558	3013	1091	3133	2712	2162	3422	1696	9	1103	2606	1563	1096	591	3565	744	1546	996	1619	3242	2740	1220	3919	223	2063	4025	3386	2055	1408	2014	3411	1665	2175	4009	3447	704	195	2588	2417	3079	2325	3389	796	2585	95	1909	1113	1364	2477	1750	834	2859	1376	527	3586	345	1063	608	3123	2242	3080	931	3238	2452	1912	2538	2714	3663	1445	2060	1719	2974	1490	2134	1851	694	1813	3707	1523	3850	2428	3563	3638	2531	2416	1129	3168	2469	2706	3372	940	3450	0	932	378	3188	1802	3349	3143	2071	898	4067	2924	920	3812	321	2616	1995	1219	1034	3135	2842	1737	505	1308	3978	2749	2396	2758	3191	3275	1461	3355	3509	2748	1332	1503	2945	322	2825	723	1666	1550	2950	4027	382	3863	1093	2322	460	1069	944	2880	3087	3924	1002	2694	2207	2801	2937	3552	2353	24	465	2556	1273	1051	4091	384	164	2061	3362	865	2539	3340	821	2129	2489	542	2026	3912	1402	665	3941	1386	3710	61	3309	128	1768	2666	2407	3178	3459	654	466	833	491	650	386	2818	2792	3838	593	3469	23	2249	1156	817	3981	55	2732	2164	2157	3418	1237	508	499	2745	3598	1429	621	2498	1223	3214	452	1070	2802	1095	1730	945	1236	1761	2892	3748	2235	3492	1545	1881	3131	471	2773	1489	1165	1175	1605	1138	393	1940	45	908	2001	3752	2862	3594	1068	3039	3182	1614	3345	3607	1035	2073	1198	1302	1038	1977	3754	2471	659	3267	2187	1846	3750	2049	2944	1142	2143	2747	2686	1853	939	3198	2524	742	574	3200	566	3617	1674	1422	2876	1235	1075	995	1729	2674	2996	2199	1054	3857	531	2012	763	1011	3580	1097	1391	105	3656	712	3906	3021	1535	1809	897	1250	2501	1539	2437	2425	636	1074	1230	2136	3484	3573	3582	7	1078	1982	1620	3694	1947	2877	794	4000	2646	2958	2276	4003	2948	1125	3678	4053	3739	1178	175	2039	888	1301	1059	4002	3134	1572	2570	909	4001	2634	1831	676	2594	1893	292	3269	689	736	2512	1108	2017	2689	18	3738	2648	3359	3646	1291	4090	3158	2853	933	1596	484	2953	812	851	519	3526	57	1680	815	797	2075	709	10	2091	244	140	3375	3480	3251	1477	2021	267	2426	1847	2186	2720	3651	365	693	2690	3973	1794	3747	1876	1644	1413	1284	185	2390	3300	3217	2165	357	2336	1575	2652	3633	2970	1079	1758	2979	1225	770	2710	3708	1209	191	1593	3166	1297	2795	2582	2577	3833	190	838	3482	88	656	1778	892	1088	3716	2434	798	3869	2902	1486	588	3317	3650	4045	1515	283	4013	122	3908	3086	2224	2217	1239	1554	1184	1333	1968	227	278	28	718	1433	535	3786	233	871	3523	1805	837	3094	1479	1339	1343	3189	3378	1371	1795	3860	3966	3109	1382	2363	3439	1204	671	1197	2965	3961	3327	1080	1707	1202	1594	1293	3425	3414	4052	3948	1645	305	4049	3788	3461	143	1544	1867	2338	1306	1530	1242	846	3601	379	1900	2080	2260	192	1528	960	2076	101	2989	260	517	1524	2137	2976	795	2301	3652	1024	448	2903	2838	1939	3936	1604	2756	2273	534	2234	2972	1573	1599	3278	2476	1003	4046	221	757	1464	717	1936	390	1840	1660	1621	2232	13	1699	3	2708	3437	3991	1241	3306	479	2386	265	3404	463	2541	1517	1790	655	3902	1746	3947	485	373	2664	2814	1570	3677	2612	3352	3597	2105	313	306	885	2763	3219	3864	2995	276	2884	1424	1565	2532	395	2482	1166	2725	2545	3675	1969	3388	3939	1294	3244	2041	2149	2408	1435	3236	3588	1931	2488	494	567	2959	1925	3470	1501	4085	579	2044	2310	2354	4075	1266	3729	715	2651	2734	3536	1681	2850	2320	3785	3423	2483	3737	1717	2355	1240	1700	70	1786	2796	1139	3673	3685	3371	2036	98	364	3569	1640	1439	1823	2696	2895	548	2622	629	807	165	1216	3938	1212	605	1350	3820	3884	2267	1128	2939	26	550	1340	1111	1476	3965	979	1849	3481	984	3472	4061	3199	1133	3515	496	634	2980	3029	3328	173	385	514	1094	947	1397	2201	374	2680	1121	545	2270	1127	1498	3887	2920	3868	2142	3042	3841	2045	921	3743	3333	97	3430	1176	1269	3692	3827	3542	1603	1877	3225	2151	1667	2881	963	3203	1799	2478	3047	2866	501	426	1440	1137	1592	3511	748	1659	3291	427	2107	3445	1150	2811	1345	1721	2810	2047	2441	241	1130	2813	2614	2631	1217	3190	1684	2581	2591	839	3518	444	844	1336	2923	315	394	224	1006	903	3769	3101	3289	2281	349	1157	1101	344	3006	2113	4084	3553	413	978	3784	1715	802	1033	936	2101	2546	549	238	719	1377	856	2562	3877	1903	3983	2449	247	176	3120	4017	3246	3206	3508	1687	3064	2367	594	74	4019	212	3639	3516	543	964	3488	857	3005	161	3920	1427	3311	67	3618	271	3934	2236	2312	958	1036	1009	683	3077	1356	1871	2130	1830	1163	711	2824	235	2506	1136	2146	3775	403	3664	2729	3836	2344	1651	3560	3867	825	216	849	924	1144	811	1448	2209	670	1281	2978	16	830	1927	1257	2419	3310	1980	2711	1747	618	2967	2300	8	2626	355	2843	2030	3576	1410	3504	1531	325	2233	2564	528	1896	749	3057	1661	3048	1741	1441	3600	3167	2623	3376	1280	1147	3171	2705	3229	3587	872	2617	1214	2339	526	1468	2511	1817	3369	3473	1458	1323	3970	868	2778	3800	3943	727	541	166	112	1171	2828	1312	134	1084	2213	896	1309	2098	3085	1759	2569	2135	129	284	170	3554	2990	2954	4092	746	3742	2757	2424	555	392	107	2402	2366	242	3992	2111	3293	1122	1190	999	2645	1494	3631	4088	214	2174	2092	3595	1926	1289	3261	2470	2935	3849	354	2085	3020	372	3544	2057	2912	1224	258	94	1612	577	1259	1474	1764	2608	1039	2100	1052	3900	3847	2865	1895	1161	1763	3409	553	2352	2183	3453	2110	2931	674	1933	3960	967	1370	1112	706	1695	1585	2346	2586	612	3672	739	1107	3322	3613	141	3093	3803	1922	3160	740	2485	3379	2684	3408	2922	2378	1796	150	1859	1954	3302	3963	3272	758	3486	1460	1945	3142	2450	536	2305	46	246	2190	3060	1213	2599	3844	3442	56	2112	886	60	2148	558	2580	822	3458	1532	1394	1769	179	2886	2309	948	2505	2966	2677	2640	457	2492	1155	887	2323	135	3004	3843	4023	1418	2263	784	287	3636	3382	2559	3801	1005	2238	2283	2387	2399	3384	352	3767	1086	2496	2867	3276	3500	1286	1626	3604	441	184	1779	1152	3052	1516	27	702	291	2013	2169	4064	2638	1934	301	789	3205	3201	3402	2790	3760	3180	2156	1160	3287	1188	270	1792	714	4093	3441	1669	34	563	3872	1789	3895	311	1816	3152	42	2910	1913	41	2888	83	2649	2375	2503	1971	2904	1285	3669	1850	108	1040	3230	200	1131	2600	85	1321	547	84	3807	2985	3551	1401	4072	2844	3144	2781	3954	3330	3545	2272	1126	332	2070	1109	3124	35	510	2215	2433	399	2	3321	1390	86	906	2742	2297	3802	3014	2868	1842	3341	2628	2885	2750	882	2907	2809	1027	3294	737	660	1883	2252	117	1453	4004	2228	2152	2445	3092	2975	2406	1613	2315	477	2257	348	971	3637	3927	2533	3281	1690	100	3435	1485	342	3698	2052	2875	1706	3985	410	854	3929	1434	3234	228	3690	182	1597	3649	1399	1154	2056	3427	2239	889	1678	2962	4031	965	2754	988	1298	3298	3394	1314	891	1072	628	3424	2755	240	722	475	3559	75	3546	571	1835	3697	1633	2147	3818	3816	3740	3956	2203	3581	523	3659	353	2167	1470	3315	3181	575	487	458	2536	359	1025	3568	3725	3220	251	578	2499	2294	1956	4015	3497	2198	3647	1582	2464	1908	2497	3713	159	3343	1031	3599	2856	943	1598	293	2611	1547	1837	1299	1020	2333	1958	2829	1290	2254	3258	1548	3610	273	3918	800	625	497	1519	2654	3015	3792	4029	2891	3840	2517	1102	4080	3221	2932	509	154	2635	3926	669	2392	1677	1753	2292	708	2138	2240	803	2243	3730	447	3681	4094	205	1983	2898	781	470	3770	1251	2007	1168	1967	409	388	414	1187	49	156	1889	3612	2776	2002	52	79	3832	3916	3935	1132	3662	1891	120	1363	3175	2350	1404	1892	1924	1380	1043	2595	3855	281	858	641	337	1346	163	3873	3273	294	3025	3971	1017	1765	1929	2104	2443	230	2253	1873	753	809	3979	2102	490	4018	2031	1158	2271	189	907	3232	2831	1444	1465	319	756	90	3475	2915	3053	1569	2897	1712	2362	928	2882	2957	1303	2444	1414	604	2197	3436	4011	1026	663	3988	404	366	2630	2278	178	1073	207	2436	1367	1845	1935	2797	1561	1271	1277	1874	2852	3524	4008	4051	1282	1529	2359	408	1774	966	2644	1780	2326	3271	3994	498	3521	3866	333	1288	3270	3930	1118	1609	3703	2518	2078	3496	630	295	2981	1784	2458	2899	231	1654	619	3026	703	423	3755	1505	687	765	3870	3989	705	1016	1797	573	1425	1123	3222	492	1243	1617	455	3921	4050	1866	525	3463	59	202	126	518	3874	2746	3130	3997	2364	1944	1255	855	1046	1008	762	3274	1509	341	3723	3301	188	3415	3577	1244	282	976	1974	76	2435	121	3687	658	467	937	162	1811	745	3556	1781	1021	2028	1238	1601	4	2268	2921	2572	1037	1638	1247	1455	2660	911	2246	1579	1018	459	4044	3722	272	318	2557	2598	2379	1942	47	3003	1463	1587	3368	257	124	3889	167	4087	679	3451	2032	2914	368	3537	922	901	2118	2753	3893	3434	2133	3712	1357	998	1978	1431	225	2321	3679	1691	2430	3661	1492	4086	813	2451	2632	916	3303	3901	2969	1552	14	1331	584	2858	3016	168	3226	613	1182	102	91	2769	778	1135	4069	1015	3596	876	4039	3945	3538	2887	951	721	3161	2181	3173	1986	99	3533	1316	1162	2083	263	3899	832	208	3557	1829	1655	2683	1538	3733	627	450	3782	2361	3705	777	949	1522	468	2053	3623	1041	614	2901	2832	4012	804	119	2275	1828	1193	764	751	3262	3711	699	1607	1348	1714	2752	2943	2046	3835	895	500	2984	1723	3140	232	1385	2033	1843	3780	755	981	1961	3056	991	2554	3395	2317	2022	1580	3208	2440	913	4043	2335	617	3699	2609	1664	1365	2629	2453	118	3354	3534	2486	2495	1378	1991	632	398	3695	2411	985	1951	2154	2372	919	177	391	2418	589	3528	2759	2158	2279	2303	647	4055	554	2647	969	2687	3670	1272	1952	3910	1060	827	2940	2703	2968	725	2114	1590	33	114	3852	1055	3717	2347	3154	186	2262	1541	1057	2227	3338	4058	3387	1606	1287	329	1180	1562	1610	3592	3839	1437	1053	4048	1114	3589	2826	987	1311	2034	2462	1120	2871	2815	2125	3513	1115	1793	2442	707	828	4032	3084	2059	816	39	1338	3621	1229	1806	1672	3506	1077	2960	1571	1981	1832	607	1642	1635	3433	3632	2672	2816	890	2393	2365	2097	1727	1207	1526	3634	3891	285	1745	2304	3342	3002	880	738	226	752	3507	1085	1673	400	3159	1807	2860	2549	2854	1264	2029	1675	3440	2682	1994	1917	873	1647	116	3185	64	955	1703	3749	65	3050	2319	3041	2519	3548	2494	3308	2986	3249	1471	2427	572	609	3195	2890	1996	1145	1897	1388	396	993	4021	2121	2474	2193	1910	453	3879	537	474	1381	2509	2412	1459	3529	2808	3990	1938	2805	2722	3253	2774	793	436	1702	2327	2994	78	626	1210	2793	1359	1177	2123	2878	2216	1556	1014	1734	303	347	3666	3062	4083	43	2404	645	3045	1159	4054	2178	1419	456	3822	1092	2709	565	2530	298	1426	3347	2331	983	151	1560	1146	3898	3701	201	3530	3541	193	2074	104	3074	3431	2468	1313	3532	3105	1733	1791	2717	3155	1491	581	2583	3288	3446	1004	2127	1536	1508	289	862	2108	1885	927	2192	346	1499	340	779	92	3174	2405	69	2794	934	664	3106	2933	1894	1013	2861	3326	2739	4056	1725	415	1398	667	1497	3125	308	1525	1762	2357	2663	1457	805	1948	3254	3555	113	4033	4005	1662	1278	2308	3129	2290	2376	2204	1844	3797	1506	2139	138	962	435	32	1772	1683	3017	730	1880	3110	3366	3575	3689	2299	2905	640	2691	1172	1019	1643	1116	2329	569	2467	2480	1000	3243	152	462	3718	1731	2620	2171	3073	66	2847	417	1442	1521	3958	2700	317	4060	3657	3391	2116	324	859	1998	3197	2413	2730	158	1383	2916	1141	17	1973	2191	1098	1800	603	4078	3305	2043	957	259	454	994	1195	2930	2827	1428	245	3241	3845	1992	316	1480	3256	3706	3176	3128	3054	2909	1776	3146	2382	992	791	1636	3590	3904	3781	1258	1452	2286	3774	539	1697	2934	3462	2636	2126	4081	713	3478	3336	3494	63	1557	1416	729	369	110	520	1412	248	2735	1637	249	30	3907	1369	680	2951	3377	582	3503	1704	2547	2713	1919	429	2919	2368	557	1810	3953	1930	3172	3764	3772	2072	1405	3213	1283	3194	2558	2837	1366	297	197	1905	2724	1629	3344	2027	852	1484	3227	82	2587	3072	50	3731	1253	3761	3522	2528	2799	1735	2314	3702	1744	1100	1946	1379	3139	2311	599	3493	1785	3464	3825	1858	312	1728	1496	483	3122	1469	3164	2555	130	3027	3779	1432	977	1787	1997	2615	2421	1149	356	1868	115	1454	3888	3247	3787	3212	2011	21	2544	1089	4034	2653	3323	881	2087	3280	1549	2851	930	401	1361	835	3644	3204	3374	2042	3007	3625	3814	2432	3499	3856	2160	782	3885	3765	330	2839	1698	1066	771	1630	538	1403	3008	3834	2571	2448	2024	3564	2358	1801	1500	2264	590	3114	3805	3861	1211	2006	1153	2109	3396	2064	3683	853	1864	1246	556	180	2908	1001	3069	2552	3145	831	3058	2332	3931	3999	3035	1568	3089	2214	4035	2639	218	1689	3266	997	3854	3817	1937	1608	1906	3476	1771	469	870	3421	3967	1839	2521	644	2040	3286	3806	1964	2280	1483	2704	3119	4036	662	3498	3115	3141	990	2540	681	3416	2259	2542	4041	1373	1767	3949	1423	3357	3438	860	3248	2863	446	3915	3878	942	2516	3823	678	2879	3875	4037	3925	106	3353	1353	3566	2633	1329	2676	2054	2693	2999	4010	2575	675	4028	848	171	2086	3520	3756	3240	741	3277	3768	2783	1170	1411	724	600	3674	3773	2535	2928	3684	3955	1203	2420	3210	3127	3331	1395	290	3606	2992	147	2184	1292	766	1400	3660	2316	2048	3809	1732	3235	3202	3149	2736	89	3163	146	3257	2513	3117	2093	425	1507	1295	4040	253	2274	3264	841	564	1047	1748	843	761	2429	1979	3011	1950	668	1878	20	1510	1045	3138	2845	1826	1804	2718	2561	530	3067	3793	2738	801	2568	2189	2145	2667	2719	1337	3658	2205	3611	3043	1430	576	3239	194	389	2601	772	2351	3531	2140	2369	2896	2058	19	2206	137	44	808	268	2917	3111	3401	2082	2936	1914	493	3307	93	3211	1502	1600	3510	2245	3260	688	1349	1819	551	1854	3665	1990	309	2665	3791	1076	3335	2812	1623	806	874	3928	1387	3881	2685	3397	3360	1740	371	1685	1061	3107	3804	3417	2697	1514	638	2527	3009	3913	824	2328	3137	661	776	1921	2643	3645	1686	1305	3296	3097	2415	697	3162	1065	2721	2695	3682	735	902	1650	768	3969	616	3527	2132	2349	1183	2221	1022	243	3837	3410	2401	3628	3501	2446	1591	1941	2212	2020	196	2348	2131	686	3365	3962	327	941	2949	1634	3859	747	3570	3540	3329	1268	2079	1518	570	1407	2604	3828	3466	2857	2122	3184	3192	1167	847	3282	2788	3811	2819	2761	2998	296	1716	1090	1824	2779	2678	3933	3118	1520	3231	785	2744	1657	3728	4095	3284	935	2380	973	198	1855	2767	2938	3721	2543	2565	1953	1527	2161	2791	280	302	2291	2330	915	3842	1751	4020	1417	2764	1668	732	1559	2343	2849	3635	3237	2605	3153	587	37	552	1443	2772	2688	646	73	2673	1475	234	677	2642	1231	1808	1082	2422	635	144	2439	3063	2051	1134	1062	716	1693	2067	2211	1083	1276	1694	2823	2222	3393	953	3579	262	3821	2438	3951	1976	2277	2141	1555	2095	820	3862	3505	204	1254	3065	1783	2231	2771	2119	343	3865	1860	80	867	3099	512	3691	516	760	1537	1358	959	3477	1087	3848	3824	1656	1326	299	3490	3460	2223	2394	1227	3819	4071
# Interleaver 2
named_lut<double>
0
ran-4096-seed210473.txt
4096
3503	246	1850	3111	2395	3081	2592	2612	2284	1286	2411	3235	657	1290	213	868	573	239	59	1692	3944	2871	3037	2079	2234	2112	298	1531	36	592	802	1988	1779	1498	1103	2423	3559	2236	373	2013	2561	2900	718	2800	1375	3159	3676	2302	4045	1113	229	1593	511	1614	2532	1553	3255	603	2465	2456	605	544	3879	1249	170	2282	343	1254	3074	2242	640	2416	197	741	3812	3892	3756	230	1653	153	2409	193	3185	3466	1655	2452	869	2743	3349	3389	2444	3310	3063	866	608	1180	2176	590	1950	2943	2783	725	1622	2921	935	1966	2046	2725	2065	2811	1358	1563	1461	1667	23	1141	3961	3448	1721	160	2709	388	2839	3922	1664	621	757	3491	1762	3476	2439	1580	2341	2553	1404	620	3272	3572	2873	2483	1512	2923	644	269	1089	2817	611	956	1586	1730	2908	1287	101	3683	2378	2035	210	37	2888	3548	1801	3568	3868	2620	3865	3214	1903	3472	399	912	333	1829	1263	137	1906	3551	65	1520	3882	3880	833	3970	3080	1604	3180	4049	534	2897	1082	702	3269	1278	1202	963	2486	2250	3808	2623	922	632	3009	3056	140	1088	1807	3381	3657	1647	1768	2351	143	1284	82	400	637	3542	1587	452	2372	2376	2320	207	3797	1628	1303	3890	510	185	329	1758	3451	1064	2558	2093	3520	1448	3693	3633	1568	2370	2158	1555	1977	1166	98	990	3453	3667	3694	1746	1774	3700	2515	1454	2425	351	1214	862	2762	1627	2624	1189	1203	133	1176	2880	3570	256	2459	1961	2258	832	879	457	1690	3241	1501	2627	2366	1782	3714	2130	1537	1413	1495	3523	2107	3516	4082	849	1743	3060	4077	3792	2837	475	2508	3918	2793	272	2154	1415	3097	3317	1181	1163	732	993	2536	2476	3761	49	3630	136	1063	2070	285	2031	3941	3788	3861	4028	1557	1452	3089	145	398	1573	1490	215	2436	1663	2634	2744	2051	1280	2637	430	2415	2982	2373	2850	138	2834	3957	2159	3305	1403	3343	1878	2268	2331	3772	3042	3848	4065	3275	1602	2533	2550	1238	375	321	3645	2221	1081	843	3249	2572	1765	974	2583	1965	2512	1504	2959	2424	1972	2281	2997	2692	463	2479	2630	2147	3011	2836	2442	917	3718	1804	132	3904	3001	735	2853	458	2471	2557	2919	2823	1074	2846	260	3958	1046	1343	3351	941	1799	2566	3289	2014	2160	3311	3358	641	2140	158	2711	3817	1193	2111	3713	1914	2496	2954	1420	2720	4058	643	3606	1402	304	3778	3442	3086	958	357	1845	3717	447	377	3146	3943	1601	1078	3101	350	2586	2212	1907	306	1719	1124	978	3229	2408	2467	431	2440	338	1789	3118	2674	1911	2121	3628	3741	236	1846	3398	148	3677	2009	2506	764	924	1519	1360	244	3276	3707	180	20	3682	3589	2952	3342	3018	1976	2	2721	1818	3764	1796	3247	919	1594	1094	1643	2678	2666	4012	1613	2389	2639	2946	3144	3748	2109	692	1122	1683	3795	2213	3850	3562	3201	1707	789	2028	2820	328	1694	1373	2927	1564	660	3621	3110	470	2706	2738	174	2861	3611	416	3087	42	2723	2788	1432	3165	797	3875	168	2521	3521	2915	3204	1689	4044	501	2243	3964	2610	748	851	3507	3419	2088	2386	1443	2430	886	2218	487	468	1986	3232	3496	2184	11	3680	1230	3776	1584	433	3821	1509	1493	2629	2812	417	3261	1133	284	3656	619	3243	320	4002	3690	2955	1624	1021	2632	1727	1466	1473	1308	2840	3333	95	1678	925	195	3143	1036	2881	562	1612	3121	265	3527	4005	695	1943	1603	2660	1065	4023	2978	2948	1937	3938	673	2193	43	437	3463	2876	1172	402	1728	2500	931	173	1317	205	2306	2240	1003	2238	998	3802	1736	3529	3137	2626	2101	4022	1704	2868	3375	1377	2494	3981	2994	3209	3181	4086	3264	2223	776	2280	3047	2971	1219	3434	3984	1942	410	967	2177	2654	2161	3109	794	401	838	2544	3997	2406	1333	497	3634	1053	639	2925	2531	2474	2951	2934	3046	3246	1095	45	3295	653	2962	1414	587	530	2279	1340	267	2054	1322	3710	481	4015	3394	1886	1923	1709	3142	1874	2004	570	2237	1002	1042	424	3070	1913	2815	3271	1191	3437	1351	1981	3525	3698	3504	597	4084	984	1833	823	169	1902	3345	2062	3228	2165	676	2357	2075	1876	2729	1433	3443	1924	1159	817	3711	1879	3281	1894	1956	1223	1059	1296	754	2778	3475	365	1350	194	3536	1784	679	1973	3705	2739	1274	2333	1607	3308	2151	1792	1298	1390	2458	3729	3600	1910	3617	34	420	2018	3637	1567	1572	202	450	1259	3885	326	2794	613	1610	2849	276	3076	3379	1682	1447	506	1526	2802	3120	1675	2543	3088	1575	3873	2404	1560	627	445	3969	2298	1353	1808	1051	3773	2485	2125	3336	948	3005	2114	1734	4001	2040	2838	3578	1957	4057	2826	1931	2726	1626	628	3124	1962	3208	4085	953	3117	1371	3489	3210	3223	1188	662	1541	1885	296	3014	2659	3549	1868	495	1790	3190	2746	3055	2827	1060	2995	607	1119	1484	240	1257	3445	2245	2178	671	221	1379	2950	1565	3462	2122	533	1595	1072	2661	2307	2765	822	554	744	1054	3128	1670	2602	3671	3962	2936	520	192	1221	231	289	3759	2134	1075	1258	1777	2938	2133	523	3123	73	3712	3552	283	1938	2563	3447	3744	4087	3972	69	2791	1769	880	2455	3501	2325	1963	2892	1748	3500	1385	1544	1037	1407	3085	3758	2773	3573	1397	446	1155	1355	997	1211	790	3329	2789	1629	774	3784	2843	3566	2546	2929	1854	992	2991	2718	2219	1227	3591	1641	3666	3614	3494	228	3000	2715	2072	4048	3994	3028	920	2640	104	3239	2084	3675	2001	2998	829	3654	2274	2096	4068	2719	2957	3584	556	1194	4011	3704	2433	2642	2183	775	3577	1993	311	1887	2863	40	1616	3431	3188	1472	2050	3388	2475	482	970	959	3355	3140	3985	781	2878	3830	1657	4038	2582	349	171	1069	3019	72	2149	2315	1186	1908	3147	3720	2992	3540	3263	1073	2646	425	2024	2513	3041	1617	557	41	3187	2751	2428	89	761	154	10	2636	2891	441	2603	3884	3641	144	2885	3878	3959	2970	393	2164	2337	1190	1631	3736	847	2966	1569	1302	0	1998	3027	2457	3815	2672	1326	3304	1979	3999	3038	1477	1277	270	1500	3627	390	996	2986	1348	2768	827	3820	1508	347	651	722	818	3935	1724	1242	1023	3828	476	2904	1171	3372	3356	3359	2473	1020	3535	3104	3881	583	1247	3040	3914	1809	483	2770	1547	646	3515	2758	1396	3709	1044	1847	3079	2175	2292	3163	666	209	3610	1652	3891	1630	1940	3459	2135	1485	2980	680	1812	2413	3216	699	928	4060	3863	2804	486	164	635	599	75	1030	3543	3541	1486	3407	952	2082	899	196	2217	1510	2983	778	308	2704	930	3393	2803	342	1108	1528	25	3662	1836	1136	1369	3939	3934	1810	700	3284	704	3282	108	821	3975	3020	2535	442	527	3456	553	863	2505	2856	709	2201	1552	3929	2166	1680	3917	2922	1550	2186	1985	3132	1576	2520	300	1482	1316	4075	135	1312	1052	2148	1585	115	2509	1032	381	1441	814	650	191	2518	322	3473	1788	4090	3955	3016	198	379	914	937	2294	1785	1256	2244	3460	1392	3949	4006	2618	3440	2334	584	2343	3765	1066	2511	1522	2036	2786	114	1165	2551	2131	3039	4035	2540	2693	77	938	1435	2937	2886	3509	3461	1363	3314	57	167	2761	3498	625	155	2968	157	547	575	2821	1315	1160	3469	2235	731	2454	2984	1451	2293	360	348	726	528	2567	2362	579	3102	1936	3374	2352	1240	1491	3545	1347	68	1841	1226	1000	934	3427	2332	1481	3932	374	3995	3003	3648	2400	2958	629	3268	2635	3587	312	3816	266	3825	3170	2813	2867	649	1754	2816	705	2698	813	548	3721	2136	3251	2684	2477	3684	3777	909	1306	3301	3697	3043	2108	1096	2899	85	4036	940	3612	3965	1008	2336	235	1098	2146	3156	2993	588	2502	262	1967	540	2653	299	3511	286	3798	305	2990	4016	1243	3316	1658	1244	3588	2327	498	3292	2631	665	1582	703	798	3044	693	2422	480	129	2851	4069	2441	580	3032	315	3075	1465	1135	756	1815	1231	2398	3182	2068	2598	3747	3248	4013	604	2854	2909	2113	2895	16	1304	960	2633	2872	2579	3810	3973	3732	2318	2525	1741	1004	3133	217	3270	485	3925	805	2249	3558	3203	3029	2625	2312	3471	1543	820	2105	2174	255	3112	2464	4061	3429	1926	1235	1318	3916	1442	3655	2469	769	3428	183	13	1372	2190	3852	2156	318	1272	766	1904	1767	560	1408	1349	623	2379	3115	1863	2866	3967	142	3974	2162	2676	3716	824	929	1871	3786	2575	1474	1357	543	3681	973	2564	2797	2350	876	2987	263	1717	3303	503	3065	3911	2120	539	2080	2323	763	2261	2689	3686	1245	864	3100	112	2287	2144	669	2841	254	1696	1137	2478	3822	1706	1915	2734	1756	610	1511	3672	3643	3391	3912	1901	152	14	3400	354	1840	1872	2495	2902	808	252	3267	3763	1606	3131	541	1031	2617	2864	3660	3141	1507	2688	3670	2705	1106	1267	3836	243	3522	957	352	1780	2271	2124	1739	224	1920	3151	1505	81	271	4037	3556	2903	3598	3467	1578	3340	713	4007	500	3532	721	2187	1661	1860	3066	3998	1393	1330	3743	2907	405	2611	1795	1325	3083	2898	2537	2911	1688	3775	1344	4026	3362	1714	492	2359	2490	1649	2501	949	2942	2701	585	916	2753	385	3599	985	2269	4021	2087	3968	1151	767	2985	1248	1947	768	1752	737	2283	2857	2044	881	3871	3221	600	288	1209	2012	3745	3905	994	3966	1424	206	2524	1294	1990	2670	3365	2099	2420	2157	1632	293	1700	1126	1120	1502	1742	1145	71	3465	1590	1149	1722	2388	1201	1994	2777	618	2197	663	2257	2091	3399	3114	48	3193	2845	2604	3296	3661	2034	259	325	3862	2764	3738	3692	1285	1228	758	3331	2417	1839	4094	1232	3789	2313	2039	3555	2321	2342	859	1378	2098	3196	1314	1092	2974	3278	987	2700	3723	353	1583	1551	2662	2286	86	1265	1364	2210	2708	2859	2016	2403	1669	3640	1471	2870	3071	3518	1468	3695	1261	2920	27	3160	3510	1980	659	2380	3857	3531	1783	211	1862	3062	3154	2196	3377	1283	687	1570	3590	3218	2599	232	3361	2228	3477	647	2092	3150	3116	2681	645	2421	3854	1139	2606	2784	368	1892	1015	3608	3937	103	3701	2808	3769	3839	2115	3291	1110	2707	2233	2204	3669	2737	3571	3908	3191	2484	241	290	1925	795	1517	752	1740	855	2295	2832	3601	3307	2358	8	3135	2229	1852	2671	4088	1492	1953	1633	3576	2461	406	2649	2019	1535	2071	630	1891	1880	1697	3921	3293	1374	3049	2538	903	3530	1305	1665	3306	1927	3553	3607	2941	1427	2449	2322	3392	1164	2264	2522	459	1536	2170	2896	60	2017	4073	3077	1556	3202	1515	2647	1732	1210	287	946	3006	890	1797	606	3560	565	806	1205	313	2769	1335	2104	2460	698	2940	771	1389	3782	102	2862	2272	3596	2595	2799	893	2713	1830	1832	3534	3674	1668	773	2390	3506	473	3315	2353	3215	2020	493	2482	586	1619	2774	3971	3855	3679	3285	150	567	2728	1786	435	2466	720	413	4000	2254	74	2906	67	3513	1992	521	4053	3651	1365	1218	1464	1049	1637	3023	4029	1146	1138	2523	582	2894	1293	324	1820	440	479	837	1327	4072	614	2844	3870	537	3145	911	2410	3847	1127	1239	2763	2818	3125	1455	3780	3547	3002	1175	1858	2596	887	2095	2772	4055	2926	3814	122	2587	714	2869	1266	3866	885	2597	1196	3478	1297	2081	3954	3068	119	1345	1147	1446	1050	3564	2377	3299	3658	1559	690	568	2796	3927	3991	636	3195	2056	3482	3008	3420	3594	2492	1480	5	3481	901	3853	872	3424	791	1010	2847	3514	2884	1715	3324	3178	2613	2882	513	751	2363	3787	3901	1890	331	3708	2956	648	2750	964	675	770	2491	1270	179	2798	242	883	800	1711	2999	2145	1131	1134	2290	2419	3887	1533	3647	716	3722	1919	3931	981	146	2371	3169	3410	2289	2779	1974	2002	1421	2539	574	227	2199	1621	3197	3057	1605	2733	792	3992	1635	1158	3280	2038	3438	1018	15	1787	3567	1016	3035	1346	1213	3550	310	2391	2973	972	2227	729	2239	2809	1217	3084	2137	601	2253	3876	2517	1386	2270	2710	3702	2988	301	1611	3886	2152	1399	535	1453	96	386	3580	3845	654	3457	1842	2139	2132	2317	356	1079	2241	1821	32	6	1289	3770	3668	1114	1071	2860	99	848	2568	4066	1523	3350	4059	2216	3856	3119	2981	3906	1701	33	2893	2297	1814	190	707	1153	1685	1949	694	3737	3502	1391	2037	626	1562	1354	515	462	178	1426	1359	1116	2288	1928	1434	2103	3021	2996	559	3050	1313	1400	966	3735	2048	3425	3227	1737	2057	2916	2736	1970	2076	2930	2944	3869	2119	117	1620	2305	111	1154	1757	3492	1014	2345	3739	3274	3715	1208	2230	3051	831	1001	2069	1356	1237	2697	2699	2451	3807	3397	3833	740	3910	2600	4054	494	566	2182	2766	346	3649	1056	2231	3796	3979	2972	1332	1781	2741	2208	3963	1834	3804	2049	3733	2641	189	2083	2326	739	2668	125	1866	1225	1178	3983	2690	1478	1321	3976	4052	376	1941	1958	1395	1738	1488	362	3785	3877	3593	453	1179	2181	2578	1905	1932	1726	1409	3843	2947	2615	1729	361	436	569	203	2562	760	1458	3838	638	3625	3468	1112	3750	3537	1173	3300	3746	3635	2969	745	728	1725	2063	3371	3330	787	434	1646	161	2085	3883	3849	1275	1794	2443	3858	2383	3687	429	3186	2276	3423	2397	1057	936	955	3632	750	3417	3650	4080	24	3484	2828	1489	3025	1831	176	2931	2022	2883	3413	2650	2296	3237	667	3107	3644	1844	9	2683	2141	3930	1007	1479	3923	2555	2129	3620	1301	2214	944	100	2259	1253	1731	2665	1968	2215	2541	1930	2226	3730	1183	3404	3851	2675	3382	2695	2687	3989	617	3069	53	395	1418	1419	4008	2516	3920	1827	1666	1336	3352	1029	2621	4071	683	3864	478	1645	1713	3605	2055	1185	61	1022	4079	1623	1412	2006	2346	1207	1952	4020	407	1695	3800	2260	1438	3909	839	525	1881	3217	1338	1341	4034	3174	1699	3004	12	512	2552	2933	3947	1750	369	1460	874	2571	3015	2375	1462	2805	2338	201	508	3597	3996	3755	3260	2588	295	2185	249	3561	2401	2256	785	3837	2842	110	3841	165	1778	2344	1698	438	3779	2435	2547	3360	1529	2329	456	1206	3130	3245	408	3007	2407	2089	2622	681	1964	624	2730	2052	1686	3172	3357	2043	3663	1625	4093	404	697	1532	3328	4063	2396	141	1107	370	1822	1824	1764	337	2833	2117	2829	674	384	762	3727	2067	1581	3408	2000	2064	392	4051	3033	3762	2979	1085	2498	2195	3832	427	2731	1766	2669	3470	1109	1681	2205	496	316	1811	4039	2771	2446	982	3092	3222	116	1125	3321	517	17	2554	151	1187	3924	3913	1837	3956	755	4004	889	31	2756	551	2094	309	1720	3805	199	1518	1437	905	4047	336	878	3212	1859	341	1945	2855	3458	1383	684	642	1660	2589	237	268	2251	216	182	1262	1024	1152	3933	1068	3406	1912	277	1118	4014	1101	70	4040	3266	780	2608	3574	97	950	615	3298	38	3353	670	2393	1889	2163	933	175	46	2643	1693	2787	389	664	3073	1793	2061	418	1077	3719	3940	3766	3367	1061	633	1140	1102	1946	841	3113	1144	1896	589	1561	1525	3024	1687	2976	1260	943	3384	995	307	2792	900	3405	2263	3426	1955	3098	3734	292	1566	576	3240	1548	3524	854	3334	2053	3171	581	2782	3030	3528	3238	1971	3401	801	2328	1883	711	1615	1252	968	1142	2275	835	509	2932	2394	3888	1129	3893	2008	1545	1168	3254	281	339	3783	2852	3369	2384	1755	1869	2657	432	1640	3416	1639	730	3791	1900	2487	696	1934	807	1843	1761	248	3517	3859	1200	1676	3433	1527	3158	2309	3768	2202	3164	991	372	2041	3801	3638	765	274	1199	3652	1571	1574	275	1530	2224	2365	896	94	3990	3034	895	2716	4095	3757	3012	1589	1521	1514	2887	1684	2005	428	856	297	1319	1143	945	163	2431	1220	1534	819	1167	2058	578	4067	3846	319	1174	708	1115	1838	1184	3091	474	7	1524	1497	1192	3903	3952	2301	2905	118	2066	2749	3010	2806	1817	3450	2200	3497	1428	3415	3629	894	524	4024	2727	1791	3250	552	3048	4017	1642	529	2310	2324	2694	602	1157	1281	3320	1922	727	1771	1384	3230	1423	1592	986	443	828	396	3031	3368	1307	2481	2180	3313	882	3538	403	3386	1513	79	1558	634	3948	3258	380	1045	3799	2349	1651	3213	685	846	3495	166	546	3344	999	1027	1273	2616	719	1047	1376	2963	1087	1128	1041	3485	2781	746	1933	4043	2252	2504	3376	1882	344	793	2086	3900	3199	1959	2673	2405	2691	2825	1105	2412	1848	1388	3726	1898	3639	939	2179	3095	113	3926	1978	2173	1084	2877	715	2879	2889	1255	2355	2759	3579	3418	2232	1656	2680	3161	130	225	3490	1215	1776	888	466	1918	2266	2142	2032	1100	147	2556	2742	1288	2047	3455	3061	1751	1233	4092	3277	826	3205	3752	3664	200	2488	3454	2953	1241	2514	2172	4019	3054	782	2928	1826	682	1638	3052	2507	317	4046	3136	107	514	1311	3335	1723	250	1654	3834	2339	460	1367	2248	857	21	188	3432	2015	2776	234	652	951	1995	3581	3177	1554	2470	2155	3544	1009	836	1798	2591	2206	3200	1828	3287	2576	3155	2989	2945	3936	66	2807	3953	3446	3283	2299	577	218	1121	1873	2029	3064	1132	3139	678	3179	1948	2447	3703	2045	3211	1300	3557	3659	1035	219	3078	2835	3184	1062	2585	3273	3790	3207	489	3288	1436	2724	4010	273	1671	1735	2090	2042	811	736	1234	1877	1329	84	1803	2354	892	371	2011	1960	2300	2356	3519	2977	2584	128	2542	1944	3370	2311	2225	1618	387	2220	414	1899	2682	1251	1549	29	2278	3373	2890	2590	1703	2912	1470	3653	545	593	3058	3742	465	3168	1076	1864	1224	563	3874	3026	3754	522	3623	976	88	2445	2499	2581	655	2126	572	504	2078	710	2191	3402	3835	3982	1597	1368	904	1411	1763	2267	688	1431	898	2663	595	815	264	3067	1425	1324	518	3586	3242	3105	1250	2116	1989	2169	2717	3960	2924	2875	3818	3378	3951	738	2438	2949	2198	1328	2722	2168	908	30	3565	4064	87	378	816	3364	1856	3585	28	1449	52	852	2677	3412	3309	1708	1177	531	3403	3592	3867	969	3173	1916	2434	2255	867	2189	1276	1875	962	2374	2246	1111	2462	1055	1093	1503	2601	162	3435	706	2785	784	3153	538	3430	2865	742	2203	2577	3753	3395	3897	90	340	3526	1382	3327	2679	1577	3977	3595	4062	927	469	858	1997	2192	1039	397	80	571	3928	159	3390	3363	1268	1636	1677	1888	2027	1337	3103	2392	62	3487	3183	355	2830	3162	3326	1705	1702	591	1475	1733	2402	1710	786	3803	226	913	214	18	2348	1130	1456	2143	2594	488	3993	1469	1506	208	3575	3794	4074	1487	1212	2100	76	3624	412	1410	472	3844	2644	2369	1999	3563	467	3898	2437	2414	1150	2901	2605	1659	1182	1867	3449	1772	64	1429	564	2387	2965	187	3646	327	971	3499	2755	1893	865	3122	2110	2549	2503	54	4041	845	1546	2194	3233	332	1813	3072	1	279	2667	2077	1538	1805	2696	261	3444	291	3728	1334	2102	712	3842	3493	2285	1011	3894	2450	1753	2686	1835	3234	622	358	131	906	2714	2368	3257	2702	921	2033	3950	2364	2106	555	2304	3829	1387	451	1083	4050	3824	334	423	172	3294	3942	3767	3760	2645	1516	2007	3827	106	1269	4076	2453	870	2316	2703	2418	783	3688	3322	2211	1352	701	2128	78	3347	3323	2648	989	2497	367	1897	1588	19	439	2097	26	251	772	1861	777	2775	3138	3244	897	1744	1499	2429	1417	2025	2448	3231	1339	3604	1634	877	257	3899	3108	3332	359	988	803	1204	3286	3781	302	3946	253	1579	105	3831	1816	3618	4027	1983	3127	1849	3422	3907	965	3895	1996	2360	3253	3731	1591	1598	804	1070	39	1148	3421	749	1309	1712	1162	1017	1097	788	2273	3474	3	294	812	1895	3053	980	3508	2935	3539	3436	516	121	222	2960	1825	3978	1271	2658	1019	3945	932	3166	1099	2426	3533	415	22	2060	51	3220	2913	910	3613	50	526	691	3626	2655	2118	323	861	2127	3616	1884	2534	942	961	884	3806	2010	810	364	834	1080	3325	661	3339	779	1457	2021	2265	186	840	4018	2740	1025	2308	3096	1416	2747	4033	2565	2573	926	3685	2910	1034	3980	2961	1123	2468	258	2651	3013	2480	4078	2545	3290	421	3411	918	2303	2381	2745	1853	2528	1494	672	2732	1935	3414	723	3338	2530	2247	2795	3464	3189	4009	558	979	3619	830	3819	2559	598	3740	3725	3225	1291	977	3673	3860	409	1279	454	3615	1117	2472	1058	499	1012	2073	907	204	753	2874	411	2347	3678	1747	2030	3148	2463	3512	4003	1033	1716	3134	612	422	1197	3302	1496	484	1292	3354	245	947	2385	3090	2291	280	3987	1476	3157	2074	1644	3689	3194	1310	1540	1246	92	3256	3505	3724	1609	3259	1921	303	1366	1917	3699	3236	1090	123	149	3919	2614	724	455	4032	1295	139	3582	1806	796	502	2752	3017	1038	3631	3219	677	799	1198	3872	220	2314	471	1439	278	1539	1679	853	3813	366	1929	2760	550	616	3811	2382	809	3479	1361	2560	120	126	3094	1691	891	2819	2569	2858	1467	1048	2619	1851	1599	1819	2493	1991	923	2628	1775	2918	3312	4089	3691	3902	1450	3546	536	1662	4091	3749	915	507	2023	383	3383	1969	1444	1674	3915	4025	2150	3774	3986	1760	3022	3045	2748	519	212	2964	1323	3099	2188	2167	247	3896	1440	844	3751	3082	3622	2593	2664	3636	1673	2527	490	3609	2330	1823	2432	1987	1909	3337	1596	1195	3642	747	1282	2171	2399	2685	1406	3129	3488	2519	55	63	3826	1104	2914	3706	1954	1161	1672	1770	124	477	1870	1975	2967	1951	2489	734	2340	875	2757	3554	850	3093	2580	3175	1865	3486	3341	181	3793	3206	2810	4081	561	394	2848	759	549	1463	382	3387	330	1170	2361	1229	1380	1156	3192	2570	4070	3823	2529	127	825	1422	1650	2026	47	3809	1430	2510	4031	873	1745	2656	1759	842	1600	2638	2262	2427	2003	2277	1800	3262	449	3840	184	1381	3988	134	1608	3265	177	44	1749	1802	2574	3439	223	1067	1264	2209	2831	1718	1982	2207	2609	2917	631	3696	491	1216	3319	3396	1043	733	2138	1984	1445	419	2059	1169	1320	391	1459	1040	2222	1026	1362	3483	2754	3385	3480	1483	3252	93	3297	542	83	871	1401	3106	1370	3665	4083	4042	3889	314	2123	461	954	3452	2790	2548	3366	1342	426	656	3603	1005	658	2814	3602	3279	3441	3126	1398	464	3569	1091	156	1086	1331	1028	3152	3318	282	594	2767	335	668	2367	2975	717	1773	233	3176	1013	2652	35	1222	596	3771	3059	91	3036	1648	363	2735	1236	609	532	3198	2319	1857	2153	56	3226	109	2526	2780	2712	345	58	1394	3348	975	2939	444	3409	1299	902	4030	505	686	3149	1542	1006	3346	743	860	3583	2335	3167	4	448	3224	238	1939	1855	2607	689	4056	2824	2822	3380	983	2801	1405
# Terminated?
0
# Circular?
1
# Parallel decoder?
1
# Number of iterations
20
